1.55698e+09 [572, 119]
 [576, 102]
 [553, 108]
 [264, 154]
 [258, 153]
 [251, 135]
 [37, 136]
 [33, 130]
 [91, 176]
 [60, 183]
 [87, 158]
 [228, 96]
 [225, 73]
 [220, 77]
 [438, 341]
 [462, 325]
 [444, 337]
 [534, 230]
 [519, 219]
 [464, 234]
 [448, 228]
 [454, 223]
 [445, 221]
 [196, 171]
 [200, 159]
 [183, 160]
 [212, 170]
 [239, 157]
 [215, 162]
 [150, 119]
 [148, 116]
 [155, 109]
 [143, 106]
 [164, 211]
 [157, 185]
 [605, 83]
 [589, 76]
 [312, 58]
 [301, 56]
 [299, 46]
 [190, 231]
 [185, 232]
 [187, 222]
 [184, 216]
 [232, 71]
 [235, 49]
 [453, 439]
 [452, 439]
 [226, 205]
 [224, 204]
 [210, 197]
 [306, 87]
 [298, 98]
 [316, 84]
 [340, 151]
 [324, 142]
 [347, 135]
 [327, 140]
 [111, 234]
 [94, 235]
 [129, 225]
 [355, 284]
 [343, 270]
 [336, 275]
 [499, 266]
 [488, 254]
 [495, 240]
 [481, 248]
 [172, 209]
 [203, 194]
 [171, 195]
 [228, 146]
 [219, 146]
 [132, 228]
 [163, 216]
 [142, 225]
 [339, 227]
 [338, 230]
 [339, 222]
 [325, 216]
 [379, 203]
 [371, 206]
 [362, 193]
 [350, 201]
 [335, 208]
 [348, 193]
 [335, 197]
 [385, 320]
 [369, 311]
 [377, 309]
 [373, 305]
 [114, 143]
 [96, 155]
 [124, 140]
 [332, 174]
 [341, 169]
 [331, 157]
 [143, 181]
 [152, 161]
 [144, 159]
 [453, 116]
 [438, 117]
 [453, 103]
 [450, 105]
 [431, 348]
 [406, 342]
 [416, 332]
 [414, 329]
 [181, 147]
 [244, 156]
 [239, 213]
 [289, 217]
 [277, 219]
 [291, 187]
 [28, 183]
 [66, 134]
 [113, 179]
 [70, 237]
 [84, 206]
 [50, 184]
 [247, 45]
 [289, 38]
 [259, 41]
 [221, 110]
 [248, 108]
 [247, 94]
 [37, 45]
 [90, 41]
 [142, 65]
 [94, 35]
 [32, 122]
 [54, 83]
 [52, 79]
 [134, 82]
 [92, 79]
 [546, 160]
 [489, 160]
 [587, 181]
 [585, 181]
 [594, 136]
 [495, 235]
 [532, 200]
 [507, 210]
 [571, 213]
 [562, 188]
 [369, 162]
 [364, 150]
 [454, 172]
 [437, 129]
 [403, 149]
 [381, 234]
 [410, 234]
 [450, 209]
 [515, 71]
 [479, 71]
 [593, 50]
 [602, 30]
 [538, 101]
 [475, 107]
 [512, 88]
 [497, 77]
 [581, 90]
 [328, 69]
 [370, 109]
 [325, 83]
 [412, 121]
 [416, 79]
 [307, 385]
 [317, 363]
 [250, 352]
 [224, 421]
 [266, 459]
 [289, 416]
 [166, 398]
 [155, 377]
 [92, 372]
 [310, 278]
 [295, 325]
 [264, 333]
 [319, 319]
 [265, 306]
 [56, 245]
 [29, 256]
 [114, 270]
 [135, 248]
 [98, 257]
 [159, 351]
 [106, 335]
 [127, 317]
 [476, 352]
 [589, 393]
 [575, 376]
 [547, 446]
 [473, 443]
 [609, 437]
 [565, 436]
 [610, 414]
 [460, 397]
 [392, 442]
 [347, 458]
 [453, 409]
 [496, 276]
 [517, 252]
 [617, 250]
 [562, 249]
 [478, 335]
 [473, 313]
 [360, 289]
 [391, 240]
 [340, 258]
 [423, 278]
 [403, 244]
 [393, 338]
 [332, 315]
 [470, 312]
 [396, 322]
 [241, 339]
 [304.8, 96]
 [298.8, 97.2]
 [315.6, 84]
 [337.2, 210]
 [333.6, 196.8]
 [157.2, 118.8]
 [147.6, 116.4]
 [142.8, 105.6]
 [436.8, 342]
 [460.8, 325.2]
 [442.8, 336]
 [571.2, 116.4]
 [570, 109.2]
 [553.2, 109.2]
 [537.6, 232.8]
 [523.2, 222]
 [349.2, 66]
 [327.6, 68.4]
 [339.6, 58.8]
 [337.2, 57.6]
 [604.8, 82.8]
 [597.6, 81.60001]
 [561.6, 248.4]
 [387.6, 259.2]
 [376.8, 262.8]
 [390, 240]
 [373.2, 244.8]
 [339.6, 282]
 [337.2, 282]
 [339.6, 268.8]
 [337.2, 278.4]
 [332.4, 174]
 [351.6, 160.8]
 [333.6, 170.4]
 [190.8, 229.2]
 [184.8, 231.6]
 [183.6, 216]
 [322.8, 145.2]
 [354, 133.2]
 [325.2, 140.4]
 [195.6, 171.6]
 [204, 160.8]
 [184.8, 159.6]
 [164.4, 210]
 [156, 188.4]
 [315.6, 63.6]
 [312, 57.6]
 [301.2, 55.2]
 [262.8, 152.4]
 [250.8, 135.6]
 [243.6, 156]
 [226.8, 146.4]
 [232.8, 142.8]
 [166.8, 216]
 [142.8, 224.4]
 [231.6, 208.8]
 [222, 202.8]
 [213.6, 198]
 [430.8, 348]
 [405.6, 342]
 [414, 328.8]
 [463.2, 234]
 [447.6, 228]
 [453.6, 223.2]
 [444, 219.6]
 [45.6, 134.4]
 [32.4, 130.8]
 [171.6, 208.8]
 [198, 190.8]
 [171.6, 193.2]
 [469.2, 118.8]
 [438, 117.6]
 [452.4, 115.2]
 [451.2, 104.4]
 [121.2, 146.4]
 [96, 154.8]
 [123.6, 140.4]
 [112.8, 138]
 [339.6, 230.4]
 [337.2, 229.2]
 [326.4, 212.4]
 [501.6, 261.6]
 [494.4, 240]
 [481.2, 248.4]
 [156, 182.4]
 [145.2, 181.2]
 [158.4, 158.4]
 [142.8, 159.6]
 [224.4, 421.2]
 [158.4, 351.6]
 [76.8, 372]
 [608.4, 388.8]
 [116.4, 252]
 [316.8, 363.6]
 [249.6, 351.6]
 [516, 73.2]
 [480, 68.4]
 [294, 324]
 [280.8, 346.8]
 [265.2, 315.6]
 [93.60001, 235.2]
 [81.60001, 199.2]
 [93.60001, 34.8]
 [459.6, 396]
 [428.4, 351.6]
 [164.4, 334.8]
 [105.6, 334.8]
 [127.2, 321.6]
 [481.2, 322.8]
 [472.8, 313.2]
 [235.2, 49.2]
 [394.8, 327.6]
 [387.6, 321.6]
 [434.4, 277.2]
 [415.2, 280.8]
 [402, 243.6]
 [288, 217.2]
 [249.6, 217.2]
 [388.8, 126]
 [332.4, 126]
 [358.8, 100.8]
 [342, 91.2]
 [584.4, 180]
 [549.6, 159.6]
 [595.2, 136.8]
 [446.4, 162]
 [436.8, 134.4]
 [231.6, 108]
 [219.6, 76.8]
 [451.2, 439.2]
 [397.2, 453.6]
 [452.4, 409.2]
 [475.2, 108]
 [512.4, 86.4]
 [496.8, 76.8]
 [69.60001, 244.8]
 [56.4, 244.8]
 [268.8, 105.6]
 [246, 91.2]
 [607.2, 436.8]
 [564, 433.2]
 [609.6, 414]
 [565.2, 430.8]
 [256.8, 162]
 [607.2, 250.8]
 [31.2, 121.2]
 [92.4, 79.2]
 [51.6, 79.2]
 [416.4, 78]
 [133.2, 84]
 [108, 81.60001]
 [517.2, 252]
 [489.6, 229.2]
 [531.6, 200.4]
 [495.6, 201.6]
 [88.8, 163.2]
 [26.4, 182.4]
 [87.60001, 156]
 [409.2, 234]
 [450, 210]
 [579.6, 90]
 [288, 38.4]
 [246, 44.4]
 [469.2, 312]
 [406.8, 312]
 [376.8, 204]
 [384, 270]
 [340.8, 259.2]
 [368.4, 162]
 [363.6, 150]
 [240, 157.2]
 [201.6, 156]
 [108, 234]
 [104.4, 184.8]
 [237.6, 212.4]
 [94.8, 175.2]
 [470.4, 444]
 [303.6, 280.8]
 [72, 454.8]
 [288, 408]
 [484.8, 159.6]
 [141.6, 64.8]
 [437.76, 341.28]
 [463.68, 325.44]
 [446.4, 332.64]
 [315.36, 66.24001]
 [312.48, 59.04]
 [300.96, 56.16]
 [604.8, 83.52]
 [597.6, 80.64]
 [463.68, 233.28]
 [447.84, 227.52]
 [453.6, 221.76]
 [443.52, 218.88]
 [227.52, 205.92]
 [220.32, 201.6]
 [213.12, 197.28]
 [151.2, 119.52]
 [156.96, 115.2]
 [145.44, 116.64]
 [99.36, 148.32]
 [122.4, 139.68]
 [112.32, 138.24]
 [164.16, 218.88]
 [144, 223.2]
 [339.84, 259.2]
 [344.16, 249.12]
 [430.56, 347.04]
 [406.08, 341.28]
 [413.28, 328.32]
 [408.96, 332.64]
 [498.24, 266.4]
 [488.16, 250.56]
 [480.96, 247.68]
 [267.84, 155.52]
 [262.08, 152.64]
 [254.88, 144]
 [440.64, 120.96]
 [450.72, 106.56]
 [442.08, 106.56]
 [240.48, 158.4]
 [226.08, 146.88]
 [233.28, 142.56]
 [221.76, 145.44]
 [156.96, 182.88]
 [146.88, 181.44]
 [158.4, 165.6]
 [152.64, 161.28]
 [168.48, 205.92]
 [148.32, 213.12]
 [156.96, 188.64]
 [141.12, 64.8]
 [76.32, 371.52]
 [394.56, 293.76]
 [401.76, 243.36]
 [220.32, 108]
 [221.76, 84.96001]
 [119.52, 250.56]
 [444.96, 437.76]
 [452.16, 408.96]
 [165.6, 336.96]
 [105.12, 335.52]
 [285.12, 217.44]
 [273.6, 218.88]
 [545.76, 239.04]
 [570.2401, 213.12]
 [230.4, 70.56001]
 [234.72, 48.96]
 [40.32, 74.88]
 [90.72, 34.56]
 [606.2401, 436.32]
 [564.48, 432]
 [609.12, 414.72]
 [515.52, 73.44]
 [479.52, 67.68]
 [606.2401, 250.56]
 [561.6, 247.68]
 [306.72, 84.96001]
 [335.52, 394.56]
 [393.12, 349.92]
 [321.12, 361.44]
 [387.36, 321.12]
 [339.84, 311.04]
 [328.32, 69.12]
 [489.6, 228.96]
 [529.92, 198.72]
 [493.92, 200.16]
 [586.08, 180]
 [571.68, 175.68]
 [599.04, 135.36]
 [306.72, 384.48]
 [316.8, 362.88]
 [249.12, 351.36]
 [607.6801, 388.8]
 [576, 385.92]
 [587.52, 365.76]
 [480.96, 322.56]
 [485.28, 306.72]
 [365.76, 105.12]
 [358.56, 100.8]
 [341.28, 90.72]
 [326.88, 218.88]
 [325.44, 211.68]
 [473.76, 108]
 [511.2, 86.4]
 [468, 103.68]
 [70.56001, 243.36]
 [56.16, 243.36]
 [33.12, 131.04]
 [90.72, 79.2]
 [51.84, 79.2]
 [93.60001, 233.28]
 [84.96001, 205.92]
 [87.84, 162.72]
 [48.96, 180]
 [87.84, 156.96]
 [36, 133.92]
 [495.36, 277.92]
 [516.96, 257.76]
 [289.44, 185.76]
 [257.76, 161.28]
 [139.68, 86.4]
 [132.48, 82.08]
 [408.96, 233.28]
 [449.28, 201.6]
 [450.72, 103.68]
 [416.16, 77.76]
 [288, 38.88]
 [246.24, 44.64]
 [368.64, 161.28]
 [332.64, 169.92]
 [362.88, 149.76]
 [322.56, 145.44]
 [554.4, 108]
 [578.88, 90.72]
 [241.92, 214.56]
 [184.32, 216]
 [171.36, 191.52]
 [336.96, 277.92]
 [372.96, 244.8]
 [214.56, 161.28]
 [191.52, 162.72]
 [201.6, 156.96]
 [97.92001, 174.24]
 [158.4, 158.4]
 [108, 233.28]
 [459.36, 396]
 [156.96, 349.92]
 [288, 407.52]
 [224.64, 420.48]
 [587.52, 74.88]
 [436.32, 135.36]
 [488.16, 159.84]
 [264.96, 313.92]
 [340.416, 259.2]
 [343.872, 248.832]
 [84.672, 210.816]
 [81.21601, 209.088]
 [84.672, 195.264]
 [81.21601, 198.72]
 [575.4241, 103.68]
 [604.8, 82.94401]
 [592.704, 81.21601]
 [267.84, 155.52]
 [259.2, 153.792]
 [247.104, 145.152]
 [171.072, 209.088]
 [153.792, 209.088]
 [171.072, 191.808]
 [153.792, 190.08]
 [604.8, 250.56]
 [552.9601, 243.648]
 [402.624, 243.648]
 [589.248, 392.256]
 [165.888, 343.872]
 [105.408, 335.232]
 [126.144, 319.68]
 [513.2161, 70.84801]
 [480.384, 67.39201]
 [571.9681, 214.272]
 [285.12, 217.728]
 [271.296, 219.456]
 [328.32, 69.12001]
 [114.048, 252.288]
 [221.184, 108.864]
 [221.184, 84.672]
 [445.824, 438.912]
 [451.0081, 411.264]
 [336.96, 219.456]
 [326.592, 210.816]
 [383.616, 317.952]
 [328.32, 314.496]
 [604.8, 437.1841]
 [563.3281, 433.728]
 [317.952, 362.88]
 [252.288, 350.784]
 [70.84801, 243.648]
 [55.29601, 243.648]
 [314.496, 82.94401]
 [457.92, 393.984]
 [395.712, 350.784]
 [585.7921, 179.712]
 [599.616, 138.24]
 [454.4641, 171.072]
 [435.4561, 134.784]
 [89.85601, 79.48801]
 [51.84, 79.48801]
 [91.58401, 34.56001]
 [480.384, 323.136]
 [483.8401, 307.584]
 [376.704, 127.872]
 [357.696, 100.224]
 [324.864, 82.94401]
 [530.496, 228.096]
 [494.208, 235.008]
 [530.496, 200.448]
 [482.1121, 191.808]
 [32.832, 131.328]
 [96.76801, 82.94401]
 [38.016, 100.224]
 [88.12801, 162.432]
 [32.832, 181.44]
 [88.12801, 157.248]
 [36.288, 134.784]
 [229.824, 70.84801]
 [245.376, 44.92801]
 [473.472, 108.864]
 [511.488, 84.672]
 [468.2881, 103.68]
 [437.1841, 117.504]
 [406.08, 120.96]
 [451.0081, 103.68]
 [497.6641, 267.84]
 [516.6721, 252.288]
 [482.1121, 248.832]
 [331.776, 174.528]
 [369.792, 160.704]
 [323.136, 145.152]
 [442.368, 336.96]
 [406.08, 342.144]
 [393.984, 293.76]
 [93.31201, 233.28]
 [447.552, 226.368]
 [409.536, 233.28]
 [449.28, 202.176]
 [312.768, 58.75201]
 [286.848, 38.016]
 [259.2, 41.472]
 [243.648, 216]
 [183.168, 217.728]
 [231.552, 209.088]
 [179.712, 191.808]
 [590.9761, 133.056]
 [556.4161, 108.864]
 [566.7841, 101.952]
 [336.96, 278.208]
 [373.248, 245.376]
 [155.52, 115.776]
 [143.424, 105.408]
 [131.328, 82.94401]
 [210.816, 162.432]
 [191.808, 162.432]
 [226.368, 146.88]
 [202.176, 157.248]
 [157.248, 165.888]
 [105.408, 179.712]
 [158.976, 160.704]
 [120.96, 139.968]
 [162.432, 219.456]
 [114.048, 222.912]
 [335.232, 395.712]
 [470.0161, 444.096]
 [157.248, 350.784]
 [82.94401, 373.248]
 [288.576, 402.624]
 [224.64, 421.632]
 [416.448, 76.03201]
 [587.5201, 74.30401]
 [485.5681, 158.976]
 [264.384, 314.496]
 [201.1392, 155.52]
 [186.624, 153.4464]
 [184.5504, 147.2256]
 [85.01761, 211.5072]
 [93.31201, 188.6976]
 [80.87041, 199.0656]
 [167.9616, 207.36]
 [147.2256, 213.5808]
 [172.1088, 188.6976]
 [157.5936, 194.9184]
 [460.3393, 393.9841]
 [398.1313, 348.3648]
 [130.6368, 82.94402]
 [116.1216, 271.6416]
 [114.048, 250.9056]
 [333.8496, 393.9841]
 [599.2705, 437.5297]
 [564.0193, 433.3824]
 [588.9025, 391.9105]
 [327.6288, 221.8752]
 [325.5552, 209.4336]
 [39.39841, 132.7104]
 [39.39841, 99.53281]
 [445.8241, 437.5297]
 [449.9713, 410.5728]
 [593.0497, 80.87041]
 [165.888, 337.9969]
 [126.4896, 319.3344]
 [319.3344, 362.8801]
 [252.9792, 350.4384]
 [70.50241, 242.6112]
 [51.84001, 246.7584]
 [221.8752, 107.8272]
 [586.8289, 178.3296]
 [599.2705, 138.9312]
 [329.7025, 70.50241]
 [443.7505, 335.9232]
 [406.4257, 337.9969]
 [250.9056, 134.784]
 [294.4512, 95.38561]
 [284.0833, 99.53281]
 [259.2, 153.4464]
 [439.6033, 118.1952]
 [452.0449, 103.68]
 [464.4865, 232.2432]
 [468.6337, 118.1952]
 [512.1793, 85.01761]
 [472.7809, 107.8272]
 [99.53281, 180.4032]
 [47.69281, 180.4032]
 [89.16481, 157.5936]
 [155.52, 116.1216]
 [141.0048, 120.2688]
 [143.0784, 103.68]
 [138.9312, 85.01761]
 [481.0753, 323.4817]
 [485.2225, 306.8929]
 [447.8977, 223.9488]
 [408.4993, 234.3168]
 [449.9713, 201.1392]
 [91.23841, 78.79681]
 [51.84001, 78.79681]
 [91.23841, 39.39841]
 [230.1696, 68.42881]
 [236.3904, 47.69281]
 [590.9761, 132.7104]
 [568.1665, 111.9744]
 [578.5345, 91.23841]
 [557.7985, 107.8272]
 [331.7761, 174.1824]
 [371.1744, 159.6672]
 [323.4817, 145.152]
 [335.9232, 269.568]
 [373.248, 244.6848]
 [342.144, 259.2]
 [306.8929, 82.94402]
 [315.1873, 58.06081]
 [259.2, 41.47201]
 [240.5376, 217.728]
 [184.5504, 217.728]
 [223.9488, 203.2128]
 [180.4032, 190.7712]
 [497.6641, 267.4944]
 [501.8113, 257.1264]
 [483.1489, 248.832]
 [89.16481, 236.3904]
 [192.8448, 163.8144]
 [226.0224, 147.2256]
 [153.4464, 180.4032]
 [141.0048, 165.888]
 [157.5936, 161.7408]
 [120.2688, 141.0048]
 [163.8144, 217.728]
 [114.048, 221.8752]
 [383.6161, 317.2608]
 [402.2784, 242.6112]
 [103.68, 335.9232]
 [145.152, 437.5297]
 [155.52, 348.3648]
 [93.31201, 367.0273]
 [340.0704, 89.16481]
 [416.7937, 74.64961]
 [481.0753, 68.42881]
 [489.3697, 159.6672]
 [265.4208, 313.1136]
 [74.64961, 241.3671]
 [57.23137, 241.3671]
 [84.60289, 211.5072]
 [79.62625, 199.0656]
 [166.7175, 209.0189]
 [146.8109, 213.9955]
 [174.1824, 201.554]
 [159.2525, 191.6007]
 [221.4605, 104.5095]
 [542.4539, 243.8554]
 [323.4817, 221.4605]
 [323.4817, 209.0189]
 [584.7553, 179.1591]
 [589.7319, 159.2525]
 [164.2291, 338.4116]
 [126.9043, 318.505]
 [258.7853, 154.2759]
 [403.1079, 241.3671]
 [442.921, 335.9232]
 [418.0378, 328.4583]
 [437.9444, 340.8999]
 [405.5962, 340.8999]
 [510.1057, 82.11457]
 [480.2458, 67.18465]
 [589.7319, 77.13793]
 [129.3927, 82.11457]
 [136.8576, 121.9277]
 [154.2759, 114.4627]
 [144.3226, 104.5095]
 [293.6218, 97.04449]
 [283.6685, 99.53281]
 [383.2013, 318.505]
 [360.8065, 306.0634]
 [330.9466, 293.6218]
 [465.3159, 116.9511]
 [472.7809, 109.4861]
 [465.3159, 231.4138]
 [97.04449, 181.6474]
 [49.76641, 179.1591]
 [89.57953, 159.2525]
 [457.851, 393.1546]
 [89.57953, 79.62625]
 [54.74305, 79.62625]
 [181.6474, 216.4839]
 [241.3671, 213.9955]
 [199.0656, 191.6007]
 [228.9255, 67.18465]
 [236.3904, 47.27809]
 [495.1758, 268.7386]
 [497.6641, 261.2737]
 [482.7342, 248.832]
 [335.9232, 268.7386]
 [375.7364, 243.8554]
 [340.8999, 261.2737]
 [370.7597, 159.2525]
 [323.4817, 146.8109]
 [338.4116, 89.57953]
 [345.8765, 64.69633]
 [477.7575, 325.97]
 [482.7342, 308.5517]
 [306.0634, 82.11457]
 [316.0167, 59.71969]
 [447.8977, 223.9488]
 [408.0845, 233.9021]
 [450.386, 201.554]
 [437.9444, 119.4394]
 [452.8743, 114.4627]
 [164.2291, 189.1124]
 [136.8576, 179.1591]
 [156.7642, 164.2291]
 [119.4394, 141.8343]
 [223.9488, 146.8109]
 [201.554, 156.7642]
 [587.2436, 134.3693]
 [577.2903, 92.06786]
 [534.9889, 97.04449]
 [89.57953, 236.3904]
 [67.18465, 238.8788]
 [159.2525, 218.9722]
 [114.4627, 221.4605]
 [333.4349, 395.6429]
 [589.7319, 390.6663]
 [587.2436, 365.7831]
 [415.5495, 74.64961]
 [457.851, 174.1824]
 [530.0122, 199.0656]
 [154.2759, 350.8532]
 [558.3791, 107.4954]
 [537.4772, 98.53749]
 [403.1079, 337.4163]
 [247.8367, 143.3273]
 [220.9629, 104.5095]
 [579.281, 179.1591]
 [429.9818, 137.3553]
 [432.9678, 119.4394]
 [110.4814, 80.62158]
 [56.73371, 80.62158]
 [507.6174, 83.60757]
 [513.5894, 71.66363]
 [483.7295, 68.67764]
 [343.3882, 262.7666]
 [220.9629, 74.64961]
 [226.9348, 68.67764]
 [370.2621, 158.2572]
 [334.4303, 158.2572]
 [337.4163, 89.57954]
 [328.4583, 71.66363]
 [119.4394, 143.3273]
 [152.2852, 113.4674]
 [143.3273, 101.5235]
 [477.7575, 325.4723]
 [483.7295, 307.5564]
 [152.2852, 191.103]
 [134.3693, 179.1591]
 [155.2712, 164.2292]
 [307.5564, 80.62158]
 [316.5144, 59.71969]
 [200.061, 191.103]
 [220.9629, 146.3132]
 [194.089, 164.2292]
 [492.6874, 268.7386]
 [516.5753, 250.8227]
 [483.7295, 247.8367]
 [113.4674, 220.9629]
 [89.57954, 203.047]
 [80.62158, 209.0189]
 [95.55151, 182.1451]
 [56.73371, 179.1591]
 [89.57954, 158.2572]
 [182.1451, 217.9769]
 [146.3132, 220.9629]
 [167.2151, 209.0189]
 [149.2992, 212.0049]
 [418.0378, 328.4583]
 [382.206, 319.5003]
 [394.15, 241.8647]
 [331.4443, 394.15]
 [322.4863, 364.2901]
 [579.281, 388.178]
 [456.8557, 394.15]
 [573.309, 373.2481]
 [471.7856, 340.4023]
 [74.64961, 241.8647]
 [265.7526, 298.5984]
 [304.5704, 277.6966]
 [164.2292, 340.4023]
 [289.6405, 406.0939]
 [298.5984, 373.2481]
 [325.4723, 143.3273]
 [415.0518, 74.64961]
 [468.7996, 110.4814]
 [576.295, 92.56552]
 [447.8977, 223.9488]
 [322.4863, 206.0329]
 [528.5193, 226.9348]
 [465.8136, 232.9068]
 [128.3973, 83.60757]
 [280.6826, 98.53749]
 [241.8647, 214.9909]
 [259.7807, 152.2852]
 [250.8227, 143.3273]
 [222.1573, 146.9104]
 [222.1573, 103.9123]
 [186.3254, 146.9104]
 [154.0768, 114.6618]
 [508.8118, 82.41318]
 [512.395, 71.66364]
 [483.7295, 68.08045]
 [222.1573, 85.99636]
 [229.3236, 68.08045]
 [222.1573, 75.24681]
 [143.3273, 96.7459]
 [136.1609, 78.82999]
 [240.0732, 157.66]
 [197.075, 164.8264]
 [293.8209, 93.16272]
 [308.1536, 78.82999]
 [494.4791, 268.7386]
 [515.9781, 250.8227]
 [483.7295, 247.2395]
 [369.0677, 157.66]
 [336.8191, 157.66]
 [476.5631, 329.6527]
 [476.5631, 308.1536]
 [336.8191, 89.57954]
 [329.6527, 75.24681]
 [85.99636, 193.4918]
 [103.9123, 161.2432]
 [89.57954, 157.66]
 [168.4095, 193.4918]
 [136.1609, 179.1591]
 [182.7423, 157.66]
 [154.0768, 161.2432]
 [111.0786, 222.1573]
 [85.99636, 211.4077]
 [157.66, 218.5741]
 [150.4936, 218.5741]
 [168.4095, 211.4077]
 [150.4936, 211.4077]
 [419.2322, 326.0695]
 [386.9836, 315.32]
 [340.4023, 250.8227]
 [329.6527, 394.15]
 [404.8995, 336.8191]
 [322.4864, 361.9013]
 [286.6545, 404.8995]
 [257.9891, 351.1518]
 [437.1482, 121.8282]
 [326.0695, 143.3273]
 [415.6491, 71.66364]
 [558.9763, 107.4954]
 [469.3968, 111.0786]
 [541.0604, 96.7459]
 [447.8977, 222.1573]
 [322.4864, 204.2413]
 [469.3968, 229.3236]
 [118.245, 143.3273]
 [100.3291, 78.82999]
 [164.8264, 340.4023]
 [75.24681, 240.0732]
 [458.6472, 394.15]
